49
3
6
24
46
3
20
14
13
48
28
13
1
44
10
20
2
25
46
37
27
49
35
26
48
3
44
13
16
44
33
6
39
27
28
33
33
1
5
45
2
31
13
12
44
17
20
43
49
35
48
15
6
20
28
48
12
4
16
24
35
5
11
1
14
38
21
19
32
45
38
3
21
43
27
16
17
29
2
41
2
46
23
22
3
5
4
22
48
38
17
10
7
49
5
2
1
24
27
6
29
39
4
27
47
41
46
37
23
25
10
41
1
15
3
40
33
27
15
48
11
32
37
19
44
44
32
15
49
6
20
38
34
12
14
7
5
23
22
10
24
28
4
34
36
3
0
34
12
33
2
41
9
37
30
15
26
25
2
9
16
2
32
49
11
5
14
7
3
18
41
27
31
46
18
6
16
12
39
8
8
18
21
15
11
1
27
26
16
28
0
2
43
38
33
41
48
0
9
27
13
10
20
11
38
4
33
28
13
3
40
30
29
30
2
11
13
43
5
27
24
25
37
19
8
45
13
35
19
26
29
9
35
35
17
7
21
36
46
14
17
11
25
21
46
45
12
