16
49
6
42
27
49
47
3
32
6
38
24
1
8
30
46
5
40
1
21
46
3
48
20
4
28
20
29
3
35
13
10
17
33
27
14
18
1
34
13
23
44
14
25
49
48
8
21
20
0
33
28
49
13
15
10
41
1
17
33
6
49
44
44
19
19
41
10
14
18
21
10
45
20
20
35
30
2
24
25
27
46
5
39
12
1
41
37
5
35
29
27
26
49
8
6
2
19
0
1
40
35
3
12
7
31
23
10
6
32
45
26
31
48
6
2
36
3
14
45
6
29
28
44
6
10
18
41
2
40
30
13
41
16
28
44
8
14
38
33
14
37
1
42
12
47
22
8
29
6
32
39
20
10
41
27
48
28
25
33
9
11
29
33
7
23
8
25
38
1
44
5
45
45
46
2
33
31
44
13
34
12
13
20
45
44
11
23
3
14
39
17
27
20
40
43
9
36
35
49
46
35
46
48
32
15
28
6
6
37
48
20
25
28
20
30
22
9
30
48
13
5
4
9
46
12
27
4
0
47
17
46
12
48
16
25
5
9
24
16
23
48
24
24
13
8
2
13
18
25
22
5
23
43
43
35
30
5
22
10
26
11
18
40
37
1
33
14
5
16
38
38
43
21
32
19
11
8
40
32
18
7
0
20
1
4
7
36
11
13
25
45
2
7
16
30
43
38
46
3
10
1
12
36
1
12
7
14
18
13
16
5
35
21
27
43
23
1
45
27
7
34
27
16
49
17
24
29
41
2
41
41
28
2
45
46
24
23
37
22
14
14
32
3
33
5
45
4
18
41
30
22
36
48
34
38
41
17
20
16
0
11
25
10
1
3
32
7
9
6
49
49
10
6
0
6
0
6
15
41
29
5
1
22
8
34
17
36
21
24
39
2
44
1
23
47
16
12
8
4
16
33
4
1
23
47
46
24
3
25
15
27
32
27
17
10
22
42
9
5
23
13
37
6
46
29
37
39
35
4
8
24
20
28
16
9
2
24
18
32
41
27
11
27
24
47
21
20
23
29
31
41
10
45
49
46
47
37
13
29
37
23
43
25
33
10
18
5
24
41
15
17
15
14
28
1
15
19
23
2
31
15
15
24
26
3
34
40
29
33
29
27
17
3
30
15
27
48
2
20
49
11
23
34
10
9
43
32
41
37
36
19
21
38
0
25
2
44
6
24
5
26
37
44
5
44
43
44
30
32
18
39
40
15
16
29
41
49
36
6
32
20
33
38
25
34
37
12
37
14
0
25
19
38
22
31
41
7
18
12
30
5
36
23
41
22
18
21
12
3
4
15
49
10
10
45
40
24
7
33
33
28
38
4
12
11
25
34
18
19
33
36
41
3
17
39
22
24
31
0
32
34
38
12
27
33
18
20
3
13
0
0
42
2
9
7
48
41
24
9
31
37
36
30
30
15
2
7
36
26
19
36
2
41
16
38
40
25
3
22
26
2
6
39
34
9
18
32
48
16
30
2
47
32
43
49
15
48
10
2
35
11
14
48
5
1
47
5
16
13
8
41
42
14
26
7
15
44
38
3
48
18
46
41
27
27
4
43
14
14
49
31
2
3
23
39
18
34
45
46
25
18
40
6
21
33
34
16
19
48
28
12
9
43
39
39
23
6
18
28
12
17
41
8
46
8
7
40
30
18
49
21
24
15
49
11
36
1
7
21
5
48
23
23
44
27
18
10
26
26
19
12
43
16
8
3
6
0
18
24
25
28
16
42
15
4
19
5
4
33
22
21
21
9
19
32
4
32
38
0
32
2
28
43
32
38
20
48
20
39
0
21
25
33
21
11
22
49
20
34
32
41
8
22
28
48
34
0
36
9
48
27
21
48
9
9
46
13
6
6
4
31
0
5
1
2
22
13
16
24
27
10
28
20
14
15
36
11
27
38
39
4
24
33
46
28
42
13
15
17
30
3
0
19
46
40
39
30
41
29
21
28
47
30
24
2
41
11
4
11
28
13
46
43
40
5
38
27
6
46
6
27
26
24
28
25
33
37
26
19
46
8
16
4
9
19
11
15
31
45
5
31
37
13
8
17
23
1
19
31
32
35
21
40
48
19
5
9
27
26
43
29
9
1
8
26
18
21
39
9
25
35
48
35
23
20
0
42
5
42
29
17
5
49
47
7
27
21
27
36
20
41
23
32
18
11
21
0
23
16
24
46
29
14
13
0
0
4
31
17
0
14
21
8
43
11
24
25
3
31
11
14
16
14
21
39
4
3
35
21
44
46
25
45
47
12
5
1
5
24
