49
42
8
40
21
28
29
35
10
33
1
44
25
21
0
10
33
49
19
18
10
35
39
1
35
6
19
1
12
31
10
32
2
45
29
10
41
40
14
37
42
47
8
10
11
23
25
20
23
14
36
37
30
9
5
9
47
46
48
25
9
48
8
13
25
5
43
10
40
16
8
7
20
4
36
13
7
30
1
36
12
14
13
5
1
34
14
41
16
11
3
6
6
6
6
41
22
34
36
24
47
12
4
33
1
47
25
27
10
42
5
13
24
28
9
24
32
27
20
29
45
29
5
17
14
19
2
24
3
20
34
9
38
25
44
24
26
44
39
29
25
38
31
12
21
3
15
45
33
11
19
39
24
20
13
0
7
7
36
41
38
22
39
32
48
2
48
1
13
41
44
43
14
3
39
34
33
48
43
6
28
17
40
21
48
23
10
12
3
0
24
42
4
5
33
21
9
32
32
48
39
21
11
49
34
22
48
9
6
31
5
2
13
24
15
17
19
28
11
46
27
4
19
15
31
17
1
31
40
9
1
26
21
20
42
42
49
41
32
11
0
16
0
4
14
8
31
14
14
39
3
1
24
