45
22
2
2
41
14
11
15
37
1
6
47
19
19
10
8
42
25
29
9
24
27
37
29
45
8
47
13
42
15
49
7
14
15
18
14
43
21
46
4
25
23
2
45
49
12
37
48
20
27
10
28
33
9
15
25
7
42
32
20
32
8
18
35
13
33
2
31
49
47
21
9
43
39
12
8
45
11
35
45
16
43
41
47
22
15
4
47
14
4
43
27
27
7
16
44
13
41
13
37
28
26
21
42
7
15
40
29
22
9
2
38
8
37
32
32
40
1
48
22
21
23
25
19
12
23
28
33
38
16
38
15
18
1
33
41
35
7
41
33
22
44
45
30
25
23
26
33
24
20
25
42
12
38
14
30
20
30
13
18
34
4
12
23
2
41
17
33
17
12
37
6
25
4
23
40
21
30
13
16
43
6
5
46
11
3
2
16
29
34
22
45
5
6
22
33
26
44
33
29
17
45
39
23
26
18
9
49
6
33
30
41
30
47
32
26
28
6
14
27
1
15
2
42
13
21
1
7
7
38
17
22
29
12
45
3
11
24
9
27
35
34
39
2
11
49
42
38
34
46
29
7
42
35
45
43
46
7
11
17
32
23
20
13
15
27
44
38
28
35
44
9
17
30
37
17
15
8
49
49
27
48
17
25
19
26
35
43
35
13
30
45
26
26
38
37
7
8
45
20
5
40
44
27
1
17
46
10
22
37
2
8
43
32
49
4
35
3
14
29
48
17
7
46
5
21
26
26
13
3
32
6
1
8
5
36
7
47
24
38
41
8
36
16
31
40
46
49
29
1
11
13
35
5
1
14
44
4
18
49
36
1
27
34
19
31
47
16
19
28
28
11
39
45
15
25
27
42
40
28
24
20
32
13
18
46
41
26
13
15
33
25
13
7
12
36
3
41
45
33
13
33
18
23
20
45
26
12
9
33
39
37
30
28
1
21
13
42
31
29
8
15
27
13
24
33
10
32
48
15
38
13
43
29
43
30
22
11
30
14
44
5
37
36
44
1
29
43
22
11
48
21
49
38
15
46
26
12
44
24
15
11
30
40
26
49
4
27
40
13
47
42
28
2
6
40
43
16
41
15
17
39
2
48
13
5
43
19
17
48
28
29
41
46
