45
22
2
2
41
92
72
90
69
79
72
69
14
53
86
11
51
15
52
37
1
89
6
97
98
59
47
85
19
76
54
76
66
19
10
8
83
82
42
65
67
25
98
88
78
50
55
61
87
29
94
9
82
24
27
99
37
97
29
78
45
82
79
91
86
8
47
13
42
67
52
93
74
73
91
15
75
49
7
14
99
15
18
72
63
14
43
21
52
46
68
86
64
64
4
25
53
50
23
74
2
45
80
49
12
37
48
90
74
52
20
27
10
52
81
56
28
75
93
33
89
9
75
72
62
15
25
77
81
7
92
42
76
86
32
72
76
94
20
57
32
95
8
18
35
84
62
50
13
33
96
77
50
2
31
49
73
92
47
93
86
21
9
43
50
79
61
88
39
12
86
8
70
50
45
11
35
45
75
16
73
96
93
72
43
41
74
47
22
15
4
83
47
14
4
51
78
43
83
81
89
96
62
27
27
93
82
77
7
16
44
13
74
73
41
13
37
70
84
59
28
90
26
21
78
42
95
7
89
75
72
70
15
40
64
29
22
60
9
2
62
38
56
65
8
37
32
32
97
70
40
1
59
48
85
87
22
71
21
23
57
77
25
64
19
12
23
85
28
58
89
33
54
38
90
16
38
63
57
68
15
18
1
33
41
35
73
73
54
7
71
51
41
86
33
88
92
22
44
57
45
80
30
70
92
25
23
26
87
76
87
89
33
24
80
20
25
92
71
42
12
38
80
14
30
20
30
13
18
34
4
12
74
63
54
23
2
88
78
88
41
95
17
33
64
17
12
37
88
6
61
52
25
62
4
23
40
95
21
30
13
70
16
43
6
60
84
5
63
69
98
46
71
94
11
77
88
3
2
16
29
34
94
22
78
95
55
45
5
84
6
60
22
33
26
71
98
44
33
29
17
45
39
51
23
26
18
60
51
79
9
49
69
6
33
74
87
70
30
57
41
30
75
91
47
52
63
63
69
32
99
96
26
57
66
28
79
6
91
14
53
27
1
15
51
2
42
13
76
21
72
55
1
7
7
38
17
22
29
12
84
45
97
3
11
93
24
69
9
27
64
35
34
39
2
76
50
11
49
80
97
73
71
42
82
38
34
58
96
83
58
46
67
78
64
57
63
91
59
29
7
42
55
95
35
50
59
97
79
53
55
55
45
94
53
86
43
46
7
68
51
84
96
11
82
17
99
98
92
73
32
64
64
93
98
76
68
85
99
23
20
90
13
15
92
53
27
44
78
94
38
28
35
79
44
53
53
56
9
17
79
53
99
74
97
79
30
37
66
17
61
90
15
8
60
49
49
61
27
48
81
17
25
19
26
35
43
93
64
69
60
95
66
35
64
70
71
99
83
13
30
45
66
98
26
65
26
38
37
7
94
81
84
74
71
92
8
45
20
5
76
76
40
44
27
96
1
61
69
17
46
51
64
69
55
10
22
37
66
82
69
61
80
2
79
85
82
8
93
56
56
73
43
63
32
49
92
73
53
53
89
4
35
81
3
14
29
97
48
17
7
95
60
96
56
46
5
74
51
52
77
21
26
62
26
13
3
32
69
6
1
81
68
8
5
96
36
7
92
47
24
99
96
38
41
72
67
8
36
16
31
40
46
49
70
62
29
64
91
1
83
11
13
53
35
98
5
1
14
44
4
94
18
49
56
36
1
27
95
69
34
73
82
95
19
81
31
47
16
97
19
28
28
94
53
11
93
39
64
56
45
91
92
15
53
25
75
27
42
40
53
28
79
56
24
20
32
71
13
18
46
41
94
26
57
13
73
15
33
25
13
83
7
73
12
36
93
3
62
84
41
98
89
57
83
51
45
33
67
80
13
33
18
23
51
20
50
54
70
45
68
63
26
81
12
9
64
33
55
51
70
90
39
37
30
74
84
83
28
1
21
94
82
53
93
13
73
51
42
75
31
29
8
15
27
89
93
13
24
33
90
10
69
62
51
82
32
48
15
56
38
55
13
43
53
62
56
29
43
60
30
62
22
76
53
75
11
73
74
73
80
77
30
14
86
44
73
74
64
98
59
99
5
77
37
36
89
88
51
44
92
1
29
43
80
52
22
11
98
48
21
71
49
38
51
15
95
46
26
72
12
44
66
24
83
75
50
15
11
30
40
26
78
49
4
27
64
40
13
47
42
28
2
86
6
60
40
76
90
59
98
68
97
43
75
67
16
41
15
17
39
55
51
2
48
13
71
92
70
63
79
5
43
19
17
48
93
63
67
28
87
97
29
66
41
81
90
46
56
92
