92
72
90
69
79
72
69
53
86
51
52
89
97
98
59
85
76
54
76
66
83
82
65
67
98
88
78
50
55
61
87
94
82
99
97
78
82
79
91
86
67
52
93
74
73
91
75
99
72
63
52
68
86
64
64
53
50
74
80
90
74
52
52
81
56
75
93
89
75
72
62
77
81
92
76
86
72
76
94
57
95
84
62
50
96
77
50
73
92
93
86
50
79
61
88
86
70
50
75
73
96
93
72
74
83
51
78
83
81
89
96
62
93
82
77
74
73
70
84
59
90
78
95
89
75
72
70
64
60
62
56
65
97
70
59
85
87
71
57
77
64
85
58
89
54
90
63
57
68
73
73
54
71
51
86
88
92
57
80
70
92
87
76
87
89
80
92
71
80
74
63
54
88
78
88
95
64
88
61
52
62
95
70
60
84
63
69
98
71
94
77
88
94
78
95
55
84
60
71
98
51
60
51
79
69
74
87
70
57
75
91
52
63
63
69
99
96
57
66
79
91
53
51
76
72
55
84
97
93
69
64
76
50
80
97
73
71
82
58
96
83
58
67
78
64
57
63
91
59
55
95
50
59
97
79
53
55
55
94
53
86
68
51
84
96
82
99
98
92
73
64
64
93
98
76
68
85
99
90
92
53
78
94
79
53
53
56
79
53
99
74
97
79
66
61
90
60
61
81
93
64
69
60
95
66
64
70
71
99
83
66
98
65
94
81
84
74
71
92
76
76
96
61
69
51
64
69
55
66
82
69
61
80
79
85
82
93
56
56
73
63
92
73
53
53
89
81
97
95
60
96
56
74
51
52
77
62
69
81
68
96
92
99
96
72
67
70
62
64
91
83
53
98
94
56
95
69
73
82
95
81
97
94
53
93
64
56
91
92
53
75
53
79
56
71
94
57
73
83
73
93
62
84
98
89
57
83
51
67
80
51
50
54
70
68
63
81
64
55
51
70
90
74
84
83
94
82
53
93
73
51
75
89
93
90
69
62
51
82
56
55
53
62
56
60
62
76
53
75
73
74
73
80
77
86
73
74
64
98
59
99
77
89
88
51
92
80
52
98
71
51
95
72
66
83
75
50
78
64
86
60
76
90
59
98
68
97
75
67
55
51
71
92
70
63
79
93
63
67
87
97
66
81
90
56
92
